0,269,0.6253320791500737
269,0,0.6253320791500737
0,687,0.5221053801122035
687,0,0.5221053801122035
0,221,0.3976017052336741
0,971,0.05203162981442333
0,923,0.7009607182141852
923,0,0.7009607182141852
0,817,0.13284405297843638
0,760,0.3156948450746002
0,227,0.9405446924907963
227,0,0.9405446924907963
0,686,0.8995391476087473
686,0,0.8995391476087473
0,805,0.5698482535783393
805,0,0.5698482535783393
0,937,0.05410027016510599
0,132,0.44792337112199
0,131,0.10501363421836452
0,183,0.7221101783292445
183,0,0.7221101783292445
0,546,0.9856082906709145
546,0,0.9856082906709145
0,897,0.7536321455230057
897,0,0.7536321455230057
0,878,0.3548668113169915
0,268,0.11750169563931467
0,438,0.6765926731115972
438,0,0.6765926731115972
0,17,0.9643489735217412
17,0,0.9643489735217412
0,314,0.6529072128992816
314,0,0.6529072128992816
0,540,0.1460499842096029
0,888,0.7632132665935807
888,0,0.7632132665935807
0,92,0.764452951578209
92,0,0.764452951578209
0,777,0.4718374815932811
0,365,0.02392208568616927
0,563,0.2935485359344504
0,823,0.10704312089351653
0,452,0.8807087271456017
452,0,0.8807087271456017
0,392,0.5681406627342617
392,0,0.5681406627342617
0,235,0.48467368317835424
0,881,0.3949441884189042
0,485,0.25836739871723724
0,915,0.4246548824088636
0,768,0.3896987525644394
0,522,0.7105061361034766
522,0,0.7105061361034766
0,162,0.6867438640445999
162,0,0.6867438640445999
0,367,0.5410620453034576
367,0,0.5410620453034576
0,643,0.23613514985798068
0,848,0.5536490864562315
848,0,0.5536490864562315
0,479,0.41813067963567385
0,55,0.07787934065866786
0,135,0.6449668535297064
135,0,0.6449668535297064
0,438,0.7818512560123495
438,0,0.7818512560123495
0,777,0.9680924078169029
777,0,0.9680924078169029
0,550,0.6560802709325251
550,0,0.6560802709325251
0,376,0.09407639776510268
0,892,0.7104117183947656
892,0,0.7104117183947656
0,777,0.1968091079935873
0,548,0.24038378983085873
0,914,0.4397296686371637
0,785,0.1589760842433059
0,499,0.5738278755015349
499,0,0.5738278755015349
0,552,0.6545166117349236
552,0,0.6545166117349236
0,795,0.7881824147689237
795,0,0.7881824147689237
0,392,0.8332731406497564
392,0,0.8332731406497564
0,257,0.051914286615026284
0,799,0.9558605513604739
799,0,0.9558605513604739
0,608,0.6435387777968252
608,0,0.6435387777968252
0,196,0.8567696844329781
196,0,0.8567696844329781
0,490,0.17827287649906065
0,602,0.844417436070335
602,0,0.844417436070335
0,606,0.23435399319873496
0,505,0.1272039358209056
0,263,0.8536594417899924
263,0,0.8536594417899924
0,732,0.9622195932233877
732,0,0.9622195932233877
0,653,0.9968224075379304
653,0,0.9968224075379304
0,819,0.9289003041800762
819,0,0.9289003041800762
0,732,0.8769604347296871
732,0,0.8769604347296871
0,586,0.1142886378317306
0,344,0.723768591901077
344,0,0.723768591901077
0,298,0.40474052420472884
0,606,0.04346162588005331
0,649,0.8432074697377697
649,0,0.8432074697377697
0,628,0.3622724317501984
0,645,0.23534518048710196
0,808,0.505897966970724
808,0,0.505897966970724
0,242,0.9880236451224069
242,0,0.9880236451224069
0,350,0.6375476642512837
350,0,0.6375476642512837
0,477,0.16910430785659214
0,714,0.3351488101610446
0,130,0.3557441402535301
0,919,0.6704867851790441
919,0,0.6704867851790441
0,844,0.9703566314232522
844,0,0.9703566314232522
0,264,0.9858823446665501
264,0,0.9858823446665501
0,417,0.8904195684678889
417,0,0.8904195684678889
0,327,0.3523074452536721
0,524,0.7636898214625294
524,0,0.7636898214625294
1,110,0.26093939653100107
1,115,0.12599941933222036
1,825,0.740338456783581
825,1,0.740338456783581
1,20,0.7031824380196513
20,1,0.7031824380196513
1,274,0.5919988181723183
274,1,0.5919988181723183
1,314,0.7286398714107398
314,1,0.7286398714107398
1,664,0.5716459759067077
664,1,0.5716459759067077
1,893,0.8628424841661112
893,1,0.8628424841661112
1,391,0.8153375015453904
391,1,0.8153375015453904
1,943,0.3935916369389688
1,178,0.4808125148521807
1,329,0.3207985088325759
1,498,0.15010137867228246
1,368,0.7589952071427384
368,1,0.7589952071427384
1,868,0.6223677495166278
868,1,0.6223677495166278
1,567,0.015740462956133294
1,207,0.502271602244799
207,1,0.502271602244799
1,190,0.09339177367329077
1,702,0.15771914674266763
1,831,0.1565941746726598
1,156,0.04073888398133163
1,426,0.3954293485847383
1,848,0.3518561077945712
1,511,0.014803894691422959
1,660,0.403581969177639
1,486,0.22855171071275704
1,857,0.03639695115846564
1,125,0.19386875711914808
1,20,0.521263380002179
20,1,0.521263380002179
1,244,0.20945229224442963
1,906,0.6535198268471826
906,1,0.6535198268471826
2,179,0.2562290418409685
2,338,0.3346075476826663
2,807,0.7557491338867305
807,2,0.7557491338867305
2,131,0.6763608415658561
131,2,0.6763608415658561
2,444,0.5864979011302355
444,2,0.5864979011302355
2,443,0.33254497958206
2,332,0.6309551728463481
332,2,0.6309551728463481
2,826,0.7148070160189514
826,2,0.7148070160189514
2,960,0.5058704513686862
960,2,0.5058704513686862
2,88,0.8627692532306978
88,2,0.8627692532306978
2,560,0.7294220773294662
560,2,0.7294220773294662
2,368,0.6432758306550191
368,2,0.6432758306550191
2,730,0.10729805340056275
2,810,0.2837330795438686
2,976,0.8890576745423403
976,2,0.8890576745423403
2,33,0.6544830249338381
33,2,0.6544830249338381
2,963,0.6221931756818836
963,2,0.6221931756818836
2,104,0.6250143718250468
104,2,0.6250143718250468
2,219,0.6850345597373686
219,2,0.6850345597373686
2,191,0.7993920082293184
191,2,0.7993920082293184
2,248,0.5157242645981821
248,2,0.5157242645981821
2,754,0.513620707124331
754,2,0.513620707124331
2,489,0.6473452859666543
489,2,0.6473452859666543
2,26,0.3208761010841218
2,89,0.6529315326998203
89,2,0.6529315326998203
2,138,0.8635157644117507
138,2,0.8635157644117507
2,189,0.844653539816992
189,2,0.844653539816992
2,75,0.5323057174143694
75,2,0.5323057174143694
2,18,0.16904756147945965
2,809,0.21855756881105393
2,631,0.4509613122548012
2,904,0.7652320763487621
904,2,0.7652320763487621
2,152,0.7836216538720926
152,2,0.7836216538720926
2,839,0.3651215862046444
2,571,0.7151141764650902
571,2,0.7151141764650902
2,534,0.1948574044285577
2,266,0.5889215901092965
266,2,0.5889215901092965
2,990,0.20544583387128768
2,272,0.9112969846923853
272,2,0.9112969846923853
2,715,0.3641085832979726
2,928,0.766488143324526
928,2,0.766488143324526
2,621,0.6176801855351884
621,2,0.6176801855351884
2,402,0.00618818860840753
2,915,0.09674584774082584
2,395,0.8761108515784286
395,2,0.8761108515784286
2,525,0.5261018405852229
525,2,0.5261018405852229
2,369,0.030183223143556703
2,376,0.6058413883999494
376,2,0.6058413883999494
2,551,0.9864466879938417
551,2,0.9864466879938417
2,946,0.8053654667420368
946,2,0.8053654667420368
2,310,0.14018031070044235
2,88,0.695968782345167
88,2,0.695968782345167
2,727,0.5003496632201487
727,2,0.5003496632201487
2,474,0.264500658598812
2,817,0.9414249009968395
817,2,0.9414249009968395
2,82,0.09604416552782447
2,817,0.41108691782128925
2,648,0.7076024355278615
648,2,0.7076024355278615
2,722,0.4626269813509324
2,33,0.3351626685249165
2,858,0.5311006549834112
858,2,0.5311006549834112
2,990,0.12742218364241142
2,42,0.5045499238248032
42,2,0.5045499238248032
2,435,0.7455147051896117
435,2,0.7455147051896117
2,624,0.5954769757452678
624,2,0.5954769757452678
2,391,0.40761305231110057
2,793,0.25956337118944295
2,38,0.17466514488573137
2,289,0.9928841884473847
289,2,0.9928841884473847
2,189,0.9671856571973115
189,2,0.9671856571973115
2,788,0.3546955896853624
2,748,0.7835693519027795
748,2,0.7835693519027795
2,407,0.7505799922359802
407,2,0.7505799922359802
2,253,0.07958486540077603
2,907,0.6236215451581926
907,2,0.6236215451581926
2,199,0.2210015459000112
2,864,0.6700681229373724
864,2,0.6700681229373724
2,991,0.06654217141369134
2,235,0.8598143374358125
235,2,0.8598143374358125
2,832,0.8263219823269651
832,2,0.8263219823269651
2,791,0.5435807363992671
791,2,0.5435807363992671
2,204,0.43435089246404324
2,673,0.5707229947163069
673,2,0.5707229947163069
2,276,0.9663233479953333
276,2,0.9663233479953333
2,546,0.2944323983498992
2,565,0.9268775932081406
565,2,0.9268775932081406
2,200,0.9859988208931234
200,2,0.9859988208931234
2,994,0.3801944107718688
2,433,0.3025803916647307
2,649,0.9355714812042906
649,2,0.9355714812042906
2,538,0.9953460757758041
538,2,0.9953460757758041
2,446,0.3436897108422462
2,804,0.3736643504244277
2,556,0.010875119557376411
2,397,0.04548959254439022
2,759,0.8814530030349695
759,2,0.8814530030349695
2,860,0.49321260113237153
3,92,0.31186529736502977
3,864,0.5984070194767882
864,3,0.5984070194767882
3,648,0.215692031374202
3,299,0.12056124241746036
3,59,0.5230139528210059
59,3,0.5230139528210059
3,528,0.6705819550765427
528,3,0.6705819550765427
3,845,0.23559415756414415
3,617,0.9209809574333349
617,3,0.9209809574333349
3,37,0.9496249767801955
37,3,0.9496249767801955
3,845,0.5241160052658729
845,3,0.5241160052658729
3,945,0.7156022730434312
945,3,0.7156022730434312
3,391,0.04972000295397494
3,16,0.8013857955348328
16,3,0.8013857955348328
3,930,0.7390599336205782
930,3,0.7390599336205782
3,65,0.6850371446486517
65,3,0.6850371446486517
3,894,0.3023207937435608
3,638,0.5718983456565997
638,3,0.5718983456565997
3,99,0.405037651766174
3,479,0.8561501291290325
479,3,0.8561501291290325
3,306,0.1838655777162682
3,192,0.49991908183732403
3,667,0.8860912941720428
667,3,0.8860912941720428
3,118,0.6232564542039589
118,3,0.6232564542039589
3,748,0.4348069379391388
4,777,0.30012838229528715
4,620,0.17715164468493572
4,55,0.6231153023602858
55,4,0.6231153023602858
4,44,0.30564408306247104
4,966,0.42811179023390367
4,971,0.6028396701508801
971,4,0.6028396701508801
4,127,0.6545000209881597
127,4,0.6545000209881597
4,16,0.8068393308311745
16,4,0.8068393308311745
4,503,0.48477236378262445
4,796,0.14655320713538533
4,481,0.15394013529171668
4,402,0.4303305871850942
4,438,0.298505464321014
4,671,0.08520312610412706
4,834,0.9169622720051009
834,4,0.9169622720051009
4,77,0.30214906291254084
4,255,0.33753536140139395
4,622,0.10770036031664232
4,81,0.35162001436306134
4,204,0.6427811920466856
204,4,0.6427811920466856
4,414,0.4440006390658573
4,920,0.30395686128120425
4,868,0.4366197798366295
4,205,0.4590335598613695
4,30,0.5245506354744763
30,4,0.5245506354744763
4,392,0.7515992253967936
392,4,0.7515992253967936
4,25,0.5135271665408981
25,4,0.5135271665408981
4,787,0.7517599905972918
787,4,0.7517599905972918
4,431,0.9053518249581511
431,4,0.9053518249581511
4,149,0.5123807397422117
149,4,0.5123807397422117
4,685,0.695735123025383
685,4,0.695735123025383
4,109,0.39051472944250587
4,78,0.543499123359517
78,4,0.543499123359517
4,681,0.20409358560898694
4,633,0.07758542633564092
4,137,0.47030779595392924
4,200,0.191619082228082
4,401,0.3731609511122542
4,848,0.49805525991600785
4,744,0.7200265554299322
744,4,0.7200265554299322
4,229,0.48818179322784516
4,417,0.14253280644757094
4,516,0.13222680339448445
4,409,0.6512489401108755
409,4,0.6512489401108755
4,916,0.9021503319394769
916,4,0.9021503319394769
4,928,0.22664359429733816
4,372,0.11385266541859662
4,698,0.5391921398703491
698,4,0.5391921398703491
4,535,0.3612279865981144
4,652,0.07153264167353746
4,236,0.5344547981152789
236,4,0.5344547981152789
4,666,0.5478232411893534
666,4,0.5478232411893534
4,417,0.4506057958255917
4,108,0.6459508671384928
108,4,0.6459508671384928
4,854,0.41712262779743536
4,214,0.749771820572081
214,4,0.749771820572081
4,966,0.3531953814625527
4,657,0.08281487480982808
4,118,0.2308037212526567
4,955,0.3973494424870494
4,697,0.7321030843935202
697,4,0.7321030843935202
4,242,0.7286931044800764
242,4,0.7286931044800764
4,353,0.49002617829973383
4,794,0.22346744636944504
4,928,0.4487861559900487
4,614,0.6899237967202889
614,4,0.6899237967202889
4,860,0.3170210839497889
5,631,0.5734747633840203
631,5,0.5734747633840203
5,546,0.9315429629597047
546,5,0.9315429629597047
5,220,0.2548049365283257
5,189,0.6288223222762663
189,5,0.6288223222762663
5,493,0.5488432224084047
493,5,0.5488432224084047
5,503,0.4227880469294766
5,495,0.8875954175271806
495,5,0.8875954175271806
5,798,0.37107097534827727
5,519,0.031691408125143816
5,812,0.46414362320860436
5,3,0.9349121251861824
3,5,0.9349121251861824
5,888,0.982977368679481
888,5,0.982977368679481
5,117,0.4644981493626891
5,937,0.0771939563433679
5,355,0.7458870056796615
355,5,0.7458870056796615
5,586,0.3621310678808003
5,386,0.6141567835155607
386,5,0.6141567835155607
5,204,0.001328703822864763
5,36,0.32142214548970716
5,171,0.06552850338451721
5,53,0.4681732866459609
5,493,0.7325610888222673
493,5,0.7325610888222673
5,989,0.569748095506113
989,5,0.569748095506113
5,288,0.682870615137845
288,5,0.682870615137845
5,852,0.9025796398459801
852,5,0.9025796398459801
5,808,0.5578736772177793
808,5,0.5578736772177793
5,215,0.3068663399969378
5,605,0.613825177141058
605,5,0.613825177141058
5,294,0.13514095318485686
5,671,0.20279170106825162
5,908,0.9518058923300771
908,5,0.9518058923300771
5,824,0.35657061419919
5,225,0.6821470863564385
225,5,0.6821470863564385
6,298,0.9578733274812491
298,6,0.9578733274812491
6,843,0.7890037030913498
843,6,0.7890037030913498
6,282,0.5552858836065558
282,6,0.5552858836065558
6,649,0.7677064689524647
649,6,0.7677064689524647
6,313,0.8718180239581242
313,6,0.8718180239581242
6,845,0.7559175354062889
845,6,0.7559175354062889
6,5,0.9257214522705276
5,6,0.9257214522705276
6,191,0.12767610272300445
6,466,0.676705633125694
466,6,0.676705633125694
6,191,0.7847721408996484
191,6,0.7847721408996484
6,124,0.9249925633688322
124,6,0.9249925633688322
6,15,0.8292976701837365
15,6,0.8292976701837365
6,535,0.9026278126956597
535,6,0.9026278126956597
6,249,0.6993025495668858
249,6,0.6993025495668858
6,685,0.15565221077959446
6,132,0.7827079610032504
132,6,0.7827079610032504
6,534,0.631519236500769
534,6,0.631519236500769
6,992,0.7694322907331146
992,6,0.7694322907331146
6,343,0.2994011128496581
6,449,0.8733789432116963
449,6,0.8733789432116963
6,175,0.09093484423116671
6,486,0.741664513861626
486,6,0.741664513861626
6,623,0.5497939174807855
623,6,0.5497939174807855
6,965,0.04574665042805004
6,354,0.8951368690660143
354,6,0.8951368690660143
6,252,0.5861606291831958
252,6,0.5861606291831958
6,599,0.408928292393559
6,839,0.9132911441339301
839,6,0.9132911441339301
6,341,0.33569542591992707
6,812,0.4390602697391427
6,193,0.43373463642143173
6,129,0.23459792880121244
6,964,0.9328189572151742
964,6,0.9328189572151742
6,136,0.16130941335827498
6,472,0.15072476057350093
6,213,0.189413837294091
6,743,0.4509366183081096
6,141,0.044962366472531046
6,323,0.9146606812581094
323,6,0.9146606812581094
6,531,0.48231532157309676
6,582,0.5598275854701712
582,6,0.5598275854701712
6,239,0.24109224698530385
6,818,0.21076514192786178
6,329,0.1538913551914063
6,709,0.6441923756734498
709,6,0.6441923756734498
7,692,0.4127983442427907
7,132,0.3018590582714945
7,217,0.2639910626761224
8,117,0.4078470694390156
8,773,0.025087054503270756
8,382,0.5356593450193796
382,8,0.5356593450193796
8,177,0.4073667312346596
8,384,0.42959903986119063
8,717,0.03254099187816928
8,745,0.6623337451199709
745,8,0.6623337451199709
8,534,0.5898598238855269
534,8,0.5898598238855269
8,488,0.05507504472486202
8,408,0.31249700009287495
8,176,0.7197074340192712
176,8,0.7197074340192712
8,183,0.6677082303381479
183,8,0.6677082303381479
8,587,0.21891924793179773
8,538,0.8088786266624836
538,8,0.8088786266624836
8,903,0.611607381999117
903,8,0.611607381999117
8,396,0.3727732892793525
8,16,0.1415709164054345
8,453,0.6506921925374031
453,8,0.6506921925374031
8,713,0.1402262848072766
8,446,0.6499578141172785
446,8,0.6499578141172785
8,219,0.2943022380361878
8,737,0.9468108695169103
737,8,0.9468108695169103
8,822,0.5468267888737842
822,8,0.5468267888737842
8,126,0.5763245442648
126,8,0.5763245442648
8,790,0.20705152945706862
8,453,0.7297884778087079
453,8,0.7297884778087079
8,702,0.8854139777273807
702,8,0.8854139777273807
8,6,0.9728541425206557
6,8,0.9728541425206557
8,918,0.03027474301155353
8,334,0.8570767812483623
334,8,0.8570767812483623
8,243,0.8799314653047859
243,8,0.8799314653047859
8,639,0.6821829925457662
639,8,0.6821829925457662
8,120,0.4165685377974345
8,226,0.9983639660171563
226,8,0.9983639660171563
8,609,0.31697111317024895
8,266,0.7083415371083
266,8,0.7083415371083
8,690,0.13777716659859973
8,138,0.02172271153232619
8,601,0.9952268241460275
601,8,0.9952268241460275
8,867,0.3322346170159064
8,829,0.24809700712498617
8,163,0.9578779764599958
163,8,0.9578779764599958
8,641,0.16570405285438083
8,997,0.21530341322490953
8,215,0.7851463924951939
215,8,0.7851463924951939
8,740,0.22151344333360257
8,702,0.8581226276455252
702,8,0.8581226276455252
9,741,0.19917964160709112
9,132,0.907057351809187
132,9,0.907057351809187
9,824,0.031059573589466538
9,845,0.034233631166311285
9,620,0.2538488526245215
9,506,0.8862781643890344
506,9,0.8862781643890344
9,887,0.5651874484243917
887,9,0.5651874484243917
9,773,0.9017357258464714
773,9,0.9017357258464714
9,601,0.3906381894777585
9,325,0.9976344548775483
325,9,0.9976344548775483
9,869,0.5882431984408478
869,9,0.5882431984408478
9,586,0.5037672179779018
586,9,0.5037672179779018
9,245,0.24308552075962842
9,78,0.3360158223373818
9,496,0.2881059312153298
9,577,0.638912732426174
577,9,0.638912732426174
9,304,0.20866945155567096
9,747,0.838880806487328
747,9,0.838880806487328
9,426,0.3300235957338705
9,244,0.5105041299215323
244,9,0.5105041299215323
9,485,0.9969173468172509
485,9,0.9969173468172509
9,949,0.8877705979886751
949,9,0.8877705979886751
9,493,0.9133835045091668
493,9,0.9133835045091668
9,908,0.32893434892702356
9,416,0.347659330816559
9,452,0.05723996842518597
9,188,0.8887386999589793
188,9,0.8887386999589793
9,947,0.6347707778919705
947,9,0.6347707778919705
9,151,0.8470292302269743
151,9,0.8470292302269743
9,257,0.30352361854242393
9,383,0.1977063225175344
9,319,0.04609760217234471
9,377,0.24754280606090384
9,891,0.7462969231588429
891,9,0.7462969231588429
9,605,0.40203740122013476
9,715,0.732275145632464
715,9,0.732275145632464
9,941,0.19064170619060816
9,214,0.4963506453434484
9,417,0.38544567727754553
9,845,0.5036798327445735
845,9,0.5036798327445735
9,927,0.377179945803386
9,583,0.35816794617250813
9,455,0.5713671836093261
455,9,0.5713671836093261
9,695,0.8271630938828585
695,9,0.8271630938828585
9,374,0.9738718457282339
374,9,0.9738718457282339
9,318,0.3523789419066823
9,358,0.657219655651422
358,9,0.657219655651422
9,488,0.8720304221471481
488,9,0.8720304221471481
9,871,0.6292762179214152
871,9,0.6292762179214152
9,600,0.7524853667789981
600,9,0.7524853667789981
9,560,0.8553232835357212
560,9,0.8553232835357212
9,455,0.7547249403406787
455,9,0.7547249403406787
9,399,0.8790689907080629
399,9,0.8790689907080629
9,172,0.9103110247744265
172,9,0.9103110247744265
9,46,0.7992422434404668
46,9,0.7992422434404668
9,702,0.33721092619266424
9,224,0.9411851291686846
224,9,0.9411851291686846
9,213,0.09920603597199928
9,106,0.948020150198041
106,9,0.948020150198041
9,96,0.478315322338811
9,753,0.8714336632846884
753,9,0.8714336632846884
9,299,0.26574171450247264
9,445,0.6542740999606785
445,9,0.6542740999606785
9,238,0.11013644071033624
9,78,0.05321912328320255
9,87,0.7318803870654124
87,9,0.7318803870654124
9,778,0.19619559967023714
9,118,0.9482140089229724
118,9,0.9482140089229724
9,582,0.016784233379956826
9,235,0.012464420609082039
9,250,0.9668939062234143
250,9,0.9668939062234143
9,276,0.9636629304739965
276,9,0.9636629304739965
9,117,0.5845829044351251
117,9,0.5845829044351251
9,685,0.12816376280276687
9,623,0.19983204428406587
9,813,0.33675204431599826
9,25,0.13549860313761886
9,153,0.6580860336531886
153,9,0.6580860336531886
9,662,0.007084243420324987
9,339,0.4369448883715972
9,461,0.6633256071025986
461,9,0.6633256071025986
9,301,0.6619929814958191
301,9,0.6619929814958191
9,341,0.13624035489546515
9,299,0.6590572619470889
299,9,0.6590572619470889
9,858,0.9627809805234396
858,9,0.9627809805234396
9,376,0.9416631480753304
376,9,0.9416631480753304
9,790,0.029421326056484398
9,880,0.403995299124264
9,702,0.41493145702562906
9,583,0.40862500672423563
9,745,0.666075463602312
745,9,0.666075463602312
9,734,0.03742125290013565
9,332,0.776029795523527
332,9,0.776029795523527
10,963,0.8391157235874606
963,10,0.8391157235874606
10,948,0.47753247545301036
10,271,0.9847616590597066
271,10,0.9847616590597066
10,373,0.3062064945570685
10,365,0.276374550519471
10,817,0.2758029830246237
10,596,0.2744873359406973
10,511,0.5132784286321646
511,10,0.5132784286321646
10,433,0.5540426866009212
433,10,0.5540426866009212
10,458,0.32090722014322437
10,775,0.12189689385129221
10,559,0.9489075942462335
559,10,0.9489075942462335
10,864,0.49794455587913644
10,336,0.7718094128287526
336,10,0.7718094128287526
10,906,0.6870727480334717
906,10,0.6870727480334717
10,438,0.01578436609728484
10,935,0.3232046816986244
10,483,0.07782807157251947
10,113,0.2851390842660818
10,940,0.8233912238529557
940,10,0.8233912238529557
10,539,0.5822780071783943
539,10,0.5822780071783943
10,793,0.6144761587572873
793,10,0.6144761587572873
10,349,0.26414369920453384
10,256,0.29225774723846476
10,48,0.7474416960368162
48,10,0.7474416960368162
10,428,0.816393810625349
428,10,0.816393810625349
10,906,0.5948590194524092
906,10,0.5948590194524092
10,277,0.8731861028108767
277,10,0.8731861028108767
10,207,0.3928948507213704
10,373,0.2619321337717796
10,305,0.2750753369010094
10,466,0.440785152313772
10,628,0.06483673404853352
10,428,0.9445793103397622
428,10,0.9445793103397622
10,430,0.34250224812421015
10,22,0.9819691010173494
22,10,0.9819691010173494
10,778,0.21956596786761318
10,954,0.7942233981855052
954,10,0.7942233981855052
10,770,0.8590303715123655
770,10,0.8590303715123655
10,748,0.976210891624361
748,10,0.976210891624361
10,284,0.5699928320026187
284,10,0.5699928320026187
10,739,0.24818419732470343
10,225,0.9242161111993336
225,10,0.9242161111993336
10,154,0.7199425440184994
154,10,0.7199425440184994
10,443,0.6644498086701046
443,10,0.6644498086701046
10,302,0.19924670251738674
10,595,0.4415931434183472
10,834,0.1739187575468809
10,126,0.9462530128088106
126,10,0.9462530128088106
10,430,0.3723946527588402
11,925,0.1988321338148239
12,748,0.3987567723815699
12,832,0.024135501317821495
12,766,0.5593225167136816
766,12,0.5593225167136816
12,865,0.5115458317919762
865,12,0.5115458317919762
12,916,0.5075524130918191
916,12,0.5075524130918191
12,468,0.1863457474228004
12,4,0.47788946390019904
12,584,0.6520568098139179
584,12,0.6520568098139179
12,425,0.9848560242367846
425,12,0.9848560242367846
12,857,0.864649794399357
857,12,0.864649794399357
12,737,0.9587012049353169
737,12,0.9587012049353169
12,372,0.4105899657620755
12,488,0.8462603796077005
488,12,0.8462603796077005
12,790,0.8135509897314822
790,12,0.8135509897314822
12,858,0.47134925531521277
12,779,0.323636264258637
12,938,0.2692890207193618
12,682,0.9026488121975944
682,12,0.9026488121975944
12,907,0.5969855963881804
907,12,0.5969855963881804
12,608,0.024782162346609904
13,239,0.45804197693907367
13,162,0.03608848049741631
13,44,0.4771059450811217
13,25,0.6249806103548826
25,13,0.6249806103548826
13,970,0.9059366834503739
970,13,0.9059366834503739
13,911,0.4493559613102389
13,290,0.42839381470031845
13,670,0.1446313941648356
13,734,0.20385011767100503
13,703,0.7897743638279606
703,13,0.7897743638279606
13,140,0.8043607460779209
140,13,0.8043607460779209
13,441,0.3290778236956481
13,715,0.8595761716707454
715,13,0.8595761716707454
13,23,0.2625110731564618
13,499,0.6620504773339286
499,13,0.6620504773339286
13,560,0.31922123693366866
13,383,0.8339590458796143
383,13,0.8339590458796143
13,689,0.0730314001897302
13,348,0.3980361339456777
13,708,0.820088036546184
708,13,0.820088036546184
13,34,0.6780920141186084
34,13,0.6780920141186084
13,828,0.509993712118009
828,13,0.509993712118009
13,665,0.5460365631242917
665,13,0.5460365631242917
13,598,0.08589059006684518
13,216,0.918122759457828
216,13,0.918122759457828
13,121,0.7812259416924141
121,13,0.7812259416924141
13,668,0.37069789118533325
13,792,0.8751395215285313
792,13,0.8751395215285313
13,739,0.4254730274366516
13,762,0.9872656267638861
762,13,0.9872656267638861
13,459,0.7176367300302261
459,13,0.7176367300302261
13,461,0.629603091108787
461,13,0.629603091108787
13,97,0.6354423634191293
97,13,0.6354423634191293
14,129,0.20587373040927248
14,726,0.5281830147648459
726,14,0.5281830147648459
14,61,0.37390831925946943
14,364,0.15794733933687755
14,184,0.3023578957498524
14,176,0.8268051050640363
176,14,0.8268051050640363
14,180,0.7918437132291422
180,14,0.7918437132291422
14,286,0.7492066154056518
286,14,0.7492066154056518
14,111,0.783039082717301
111,14,0.783039082717301
14,740,0.6252433134496309
740,14,0.6252433134496309
14,528,0.517144300454892
528,14,0.517144300454892
14,549,0.7560878468555539
549,14,0.7560878468555539
14,180,0.6130757057379108
180,14,0.6130757057379108
14,504,0.2906941577890432
14,215,0.23356211322199538
14,256,0.058185337538870674
14,183,0.252015586820878
14,510,0.46821976485024364
14,289,0.4123087834283554
14,438,0.5071683451959593
438,14,0.5071683451959593
14,742,0.1546944739134143
14,247,0.9959534710211191
247,14,0.9959534710211191
14,125,0.6423899627613342
125,14,0.6423899627613342
14,734,0.004778585439440097
14,95,0.22270298840133662
14,108,0.027631844993827648
14,775,0.4319799780891336
14,636,0.7951074380889432
636,14,0.7951074380889432
14,355,0.6623159179777565
355,14,0.6623159179777565
14,348,0.7342689624076374
348,14,0.7342689624076374
14,959,0.9123224941687927
959,14,0.9123224941687927
14,181,0.27574142453702377
14,263,0.043581416302561515
14,409,0.7615376200290407
409,14,0.7615376200290407
14,623,0.9916427213389349
623,14,0.9916427213389349
14,763,0.778730983913162
763,14,0.778730983913162
14,193,0.7698167148106091
193,14,0.7698167148106091
14,872,0.14482610664028184
14,85,0.6653545432757264
85,14,0.6653545432757264
14,120,0.5555466016075189
120,14,0.5555466016075189
14,855,0.09411597629275414
14,2,0.871668042677177
2,14,0.871668042677177
14,506,0.44428102602921615
14,699,0.020775973598205155
14,948,0.9437376824337833
948,14,0.9437376824337833
14,705,0.8206087332078723
705,14,0.8206087332078723
14,883,0.1687177622654854
14,52,0.6636364574674964
52,14,0.6636364574674964
14,998,0.9342501896356301
998,14,0.9342501896356301
14,48,0.28629843890853257
14,796,0.7082546995183977
796,14,0.7082546995183977
14,946,0.6596010202896179
946,14,0.6596010202896179
14,219,0.8442832105543152
219,14,0.8442832105543152
14,896,0.06225903750655115
14,144,0.5236844696815495
144,14,0.5236844696815495
14,371,0.2056396863523725
14,654,0.7477757013477214
654,14,0.7477757013477214
14,820,0.7862916591771545
820,14,0.7862916591771545
14,377,0.3759704312788593
14,621,0.5522969600992933
621,14,0.5522969600992933
14,11,0.0072654668348668405
14,494,0.3012550051651993
14,590,0.1832443878416965
14,200,0.4889156341827797
14,832,0.6517392120407409
832,14,0.6517392120407409
14,753,0.9759469221889612
753,14,0.9759469221889612
14,30,0.763372284902515
30,14,0.763372284902515
14,682,0.12976647465232638
14,27,0.15322099750519702
14,430,0.5270093937697689
430,14,0.5270093937697689
14,632,0.022815987971860685
14,358,0.8476930318896475
358,14,0.8476930318896475
14,730,0.6030080473983528
730,14,0.6030080473983528
14,170,0.9128987081962736
170,14,0.9128987081962736
14,951,0.279672600890181
14,161,0.1975758300745738
14,175,0.3229375625539671
14,442,0.2534435716548158
15,556,0.6097403212286757
556,15,0.6097403212286757
15,83,0.44134632552261055
15,529,0.45946643055851966
15,506,0.3073696555957739
15,281,0.21906183323252637
15,101,0.23627081333725997
15,739,0.05792213626794829
15,144,0.47017039035448727
15,68,0.11747509667618772
15,163,0.9529740124474008
163,15,0.9529740124474008
15,93,0.5710859662836182
93,15,0.5710859662836182
15,294,0.644462354091922
294,15,0.644462354091922
15,749,0.005385733630602463
16,659,0.12663212077836483
16,617,0.5091769522874338
617,16,0.5091769522874338
16,556,0.13837872416255947
16,881,0.6903084057712191
881,16,0.6903084057712191
16,187,0.37174933193292203
16,936,0.34532507785978184
16,604,0.4311853721949418
16,427,0.4378993691180292
16,931,0.305209170073764
16,941,0.2397731014163963
16,83,0.952188024607938
83,16,0.952188024607938
16,998,0.9927177498633698
998,16,0.9927177498633698
16,551,0.9484033494954393
551,16,0.9484033494954393
16,417,0.8775793705246406
417,16,0.8775793705246406
16,850,0.44704122247519285
16,372,0.25613724544154304
16,746,0.5303934603202939
746,16,0.5303934603202939
16,911,0.4391061983369191
16,921,0.11231379285792265
16,793,0.7360988145752094
793,16,0.7360988145752094
16,614,0.4963543301461981
16,696,0.5476573626657588
696,16,0.5476573626657588
16,815,0.09424240568722642
16,291,0.9794940399709425
291,16,0.9794940399709425
16,514,0.9805794062643848
514,16,0.9805794062643848
16,199,0.13397721493819792
16,692,0.7749310380138575
692,16,0.7749310380138575
16,998,0.3623430521410833
16,846,0.7264302867934687
846,16,0.7264302867934687
16,820,0.08274468567084825
16,579,0.9804404860195255
579,16,0.9804404860195255
16,995,0.8967758646784295
995,16,0.8967758646784295
16,621,0.21022027896332318
16,827,0.7931093004690448
827,16,0.7931093004690448
16,159,0.8691274705507857
159,16,0.8691274705507857
16,768,0.7665028364701056
768,16,0.7665028364701056
16,967,0.026879839803506722
16,289,0.18014978994694775
16,243,0.38349387239132193
16,307,0.4959588986479353
16,446,0.2977965929825349
16,914,0.7929857617999203
914,16,0.7929857617999203
16,96,0.02203862732746309
16,111,0.9061887888641129
111,16,0.9061887888641129
16,518,0.2026474002150469
16,195,0.5017450953729437
195,16,0.5017450953729437
16,320,0.23149622363331002
16,669,0.17054091673041671
16,501,0.317630108982193
16,46,0.24180938840243216
16,663,0.600409693155933
663,16,0.600409693155933
16,876,0.39306857848233967
16,259,0.9447875088553264
259,16,0.9447875088553264
16,304,0.7294981993360775
304,16,0.7294981993360775
16,978,0.9207339345189588
978,16,0.9207339345189588
16,201,0.9044980046355687
201,16,0.9044980046355687
17,580,0.8446178529545176
580,17,0.8446178529545176
17,744,0.8847423790615531
744,17,0.8847423790615531
17,671,0.7023674606747827
671,17,0.7023674606747827
17,305,0.5174945299710763
305,17,0.5174945299710763
17,336,0.7755936926602295
336,17,0.7755936926602295
17,768,0.7688609357448749
768,17,0.7688609357448749
17,490,0.6720004497428375
490,17,0.6720004497428375
17,823,0.17240438076488807
17,835,0.09687737669432273
17,120,0.9427057209112278
120,17,0.9427057209112278
17,627,0.18416796403991886
17,419,0.48511804953145243
17,417,0.8265652117162945
417,17,0.8265652117162945
17,306,0.2384608774352861
17,706,0.3791518187358598
17,727,0.30318379248425464
17,935,0.5122978506217385
935,17,0.5122978506217385
17,146,0.616687329288431
146,17,0.616687329288431
17,191,0.18372866258616138
17,948,0.32684591911039873
17,615,0.8147494478991908
615,17,0.8147494478991908
17,139,0.5840770114617408
139,17,0.5840770114617408
17,12,0.8193409463599164
12,17,0.8193409463599164
17,519,0.7683195016901012
519,17,0.7683195016901012
17,752,0.4938691728538195
17,63,0.8972412343317259
63,17,0.8972412343317259
17,607,0.09464647843237262
17,539,0.9869004819370018
539,17,0.9869004819370018
17,312,0.21049361924284127
17,894,0.7913444736171071
894,17,0.7913444736171071
17,600,0.014234251329127812
17,849,0.10059024169673114
17,124,0.12427209539341832
17,607,0.14422905252679197
17,841,0.15548556132594882
17,228,0.42771590237112134
17,563,0.9513390620478065
563,17,0.9513390620478065
17,67,0.34284659865673983
17,48,0.5580461612856928
48,17,0.5580461612856928
17,320,0.7441784366676135
320,17,0.7441784366676135
17,257,0.650142633397645
257,17,0.650142633397645
17,538,0.6416412137315203
538,17,0.6416412137315203
17,460,0.7793333098016612
460,17,0.7793333098016612
17,79,0.755672931608466
79,17,0.755672931608466
17,283,0.7103658360026536
283,17,0.7103658360026536
17,716,0.3425393636735944
17,750,0.908622241766034
750,17,0.908622241766034
17,10,0.07540956196760651
17,763,0.7007603815655116
763,17,0.7007603815655116
17,389,0.7205114775088237
389,17,0.7205114775088237
17,535,0.7016418161482346
535,17,0.7016418161482346
17,460,0.17277450488452828
17,486,0.6812795156419745
486,17,0.6812795156419745
17,115,0.6242015960386823
115,17,0.6242015960386823
17,896,0.5554653105097884
896,17,0.5554653105097884
17,610,0.25754047875563324
17,799,0.4212615915818284
17,852,0.8156010238210546
852,17,0.8156010238210546
17,200,0.9403047644082251
200,17,0.9403047644082251
17,707,0.10734312714321437
17,358,0.1994430155130542
17,243,0.019341590921040264
17,372,0.3772664076107859
17,756,0.5637700489193629
756,17,0.5637700489193629
17,949,0.5693285959762805
949,17,0.5693285959762805
18,360,0.05741517121462858
18,651,0.8101827512134485
651,18,0.8101827512134485
18,9,0.28143032874396323
18,343,0.33754525431431837
18,843,0.456352960125907
18,596,0.16019683057291323
18,470,0.5272730062940418
470,18,0.5272730062940418
18,741,0.29161503374471553
18,954,0.8717625553181602
954,18,0.8717625553181602
18,500,0.5975213114495388
500,18,0.5975213114495388
18,98,0.6690180264536435
98,18,0.6690180264536435
18,489,0.6816387813891455
489,18,0.6816387813891455
18,344,0.8379541529474093
344,18,0.8379541529474093
18,658,0.4765506606443385
18,583,0.5661754124016399
583,18,0.5661754124016399
18,848,0.5943622786295357
848,18,0.5943622786295357
18,581,0.8390297492214818
581,18,0.8390297492214818
18,384,0.595348441079945
384,18,0.595348441079945
18,489,0.7071114840602862
489,18,0.7071114840602862
18,695,0.10771729954642528
18,215,0.6846120409359715
215,18,0.6846120409359715
18,70,0.516429216246261
70,18,0.516429216246261
18,976,0.5972900880362805
976,18,0.5972900880362805
18,761,0.3571888182684577
18,271,0.5126146189199958
271,18,0.5126146189199958
18,599,0.9071296476727253
599,18,0.9071296476727253
18,316,0.683844990604442
316,18,0.683844990604442
18,224,0.24471748406458915
18,810,0.5543415880833559
810,18,0.5543415880833559
18,269,0.9062582642213007
269,18,0.9062582642213007
18,798,0.2909549608586002
18,255,0.746645825303988
255,18,0.746645825303988
18,409,0.968942685323086
409,18,0.968942685323086
18,675,0.6770696265587288
675,18,0.6770696265587288
18,92,0.7252186166173772
92,18,0.7252186166173772
18,753,0.9752447019145503
753,18,0.9752447019145503
18,737,0.3774655570692633
18,115,0.9567099336835281
115,18,0.9567099336835281
18,327,0.5097389432432236
327,18,0.5097389432432236
18,288,0.3101094808314109
18,295,0.0520461785208608
18,451,0.6684124530206629
451,18,0.6684124530206629
18,558,0.662996616482889
558,18,0.662996616482889
18,927,0.3146336137115425
18,415,0.6202312555309664
415,18,0.6202312555309664
18,691,0.05130730247854176
18,745,0.5841596013445239
745,18,0.5841596013445239
18,189,0.4773217484602652
18,105,0.15734666297077848
18,387,0.692920612748645
387,18,0.692920612748645
18,207,0.25913097275787456
18,516,0.2667319089034056
18,681,0.6643800740605112
681,18,0.6643800740605112
18,544,0.6122905469925082
544,18,0.6122905469925082
18,500,0.5457606575184106
500,18,0.5457606575184106
18,195,0.6458045987724949
195,18,0.6458045987724949
18,441,0.07561157583516309
18,854,0.645652963950185
854,18,0.645652963950185
19,375,0.29965676833727617
19,471,0.15387438325824476
19,283,0.21669664060937488
19,343,0.3466744106586531
19,831,0.056745317379389926
19,547,0.9761678180572172
547,19,0.9761678180572172
19,682,0.7949321643264976
682,19,0.7949321643264976
19,516,0.7176988079452349
516,19,0.7176988079452349
19,88,0.13745363283958922
19,794,0.6001862899143635
794,19,0.6001862899143635
19,689,0.46756648311897964
19,756,0.15787395150100725
19,32,0.207206940958639
19,52,0.25112660881290594
19,431,0.5428105829595803
431,19,0.5428105829595803
19,334,0.9297004525939729
334,19,0.9297004525939729
19,384,0.29398137970998695
19,242,0.5938772023830261
242,19,0.5938772023830261
19,719,0.9130573472831639
719,19,0.9130573472831639
19,987,0.13366615873027876
19,679,0.5642174907511952
679,19,0.5642174907511952
19,884,0.586295347162286
884,19,0.586295347162286
19,801,0.7106711509722108
801,19,0.7106711509722108
19,153,0.027636247519015278
19,178,0.7578161901287355
178,19,0.7578161901287355
19,610,0.11669366127961023
19,67,0.39466430946601105
19,59,0.2713560128913054
19,462,0.019567107317152277
19,571,0.9848601386307225
571,19,0.9848601386307225
19,60,0.7001965663276211
60,19,0.7001965663276211
19,519,0.020373353244518166
19,209,0.4680702993286503
19,177,0.8917421143716362
177,19,0.8917421143716362
19,600,0.0542526488670827
19,903,0.2504407427586822
19,436,0.9620590759745449
436,19,0.9620590759745449
19,128,0.07337299148423382
19,289,0.37308486849114586
19,588,0.7738586501852215
588,19,0.7738586501852215
19,698,0.4267954306834335
19,145,0.2890561953737799
19,991,0.7567471956242762
991,19,0.7567471956242762
19,555,0.4146005829864724
19,230,0.611338767720373
230,19,0.611338767720373
19,167,0.13989494917813072
19,691,0.7094538708484349
691,19,0.7094538708484349
19,583,0.5465270080855101
583,19,0.5465270080855101
19,746,0.860277230792716
746,19,0.860277230792716
19,24,0.3218190006666838
19,263,0.689418974080867
263,19,0.689418974080867
19,830,0.17460841564111518
19,110,0.9123668869425344
110,19,0.9123668869425344
19,29,0.7693979286162699
29,19,0.7693979286162699
19,776,0.9497695965916609
776,19,0.9497695965916609
19,405,0.7015366008831243
405,19,0.7015366008831243
19,539,0.9570706090026548
539,19,0.9570706090026548
19,550,0.524523131114831
550,19,0.524523131114831
19,384,0.30559372226150816
19,506,0.9276662059196293
506,19,0.9276662059196293
19,79,0.5702526675017946
79,19,0.5702526675017946
19,528,0.5336268377766862
528,19,0.5336268377766862
19,61,0.45895834040211425
19,337,0.7654417075348998
337,19,0.7654417075348998
19,533,0.6441988492708028
533,19,0.6441988492708028
19,680,0.5820749072226565
680,19,0.5820749072226565
19,900,0.7699014732812747
900,19,0.7699014732812747
19,949,0.15388942724912846
19,268,0.1721195877510352
19,499,0.2290279553504989
19,662,0.3360459610789047
20,448,0.318262249277386
20,66,0.09483156434198459
20,153,0.6625295942582382
153,20,0.6625295942582382
20,434,0.45428013114513044
20,975,0.8995833493479142
975,20,0.8995833493479142
20,442,0.44513392359794357
20,385,0.06122565261207247
20,449,0.4633892499602913
20,760,0.5928202082578473
760,20,0.5928202082578473
20,193,0.8587427176831699
193,20,0.8587427176831699
20,876,0.8271470540307236
876,20,0.8271470540307236
20,926,0.9432432648405371
926,20,0.9432432648405371
20,329,0.11620401805693736
20,57,0.9399862132175647
57,20,0.9399862132175647
20,721,0.8449281903426287
721,20,0.8449281903426287
20,922,0.4026921222980757
20,778,0.8571409596688321
778,20,0.8571409596688321
20,420,0.0025328646248137243
20,950,0.40638000936452656
20,760,0.4217383487881433
20,393,0.3252100809786893
20,633,0.5807803675221109
633,20,0.5807803675221109
20,604,0.1286965655145239
20,721,0.7285954727692434
721,20,0.7285954727692434
20,873,0.2950775401702913
20,630,0.7825223880846681
630,20,0.7825223880846681
20,281,0.04644021743137816
20,71,0.16658114465573415
20,502,0.40235246820238035
20,637,0.46314062190205163
20,873,0.608202623328821
873,20,0.608202623328821
20,580,0.819759322882242
580,20,0.819759322882242
20,394,0.986833122272142
394,20,0.986833122272142
20,874,0.03597415567245821
20,629,0.4158080942008414
20,850,0.10121503553502464
20,247,0.5655051881010995
247,20,0.5655051881010995
20,709,0.13882489646320517
20,518,0.007431322570592203
20,190,0.723798104730037
190,20,0.723798104730037
20,10,0.32406641042231166
20,491,0.42222852333663796
20,399,0.24439711651612983
20,182,0.9673607991545138
182,20,0.9673607991545138
20,179,0.7740733631677343
179,20,0.7740733631677343
20,27,0.23670059790047449
20,505,0.6323396591936583
505,20,0.6323396591936583
20,353,0.6548590696561689
353,20,0.6548590696561689
20,605,0.8434627433830045
605,20,0.8434627433830045
20,778,0.11310893337895433
20,495,0.27445190784785645
20,835,0.6381554206127011
835,20,0.6381554206127011
20,750,0.5142506072707529
750,20,0.5142506072707529
20,530,0.6285617384820817
530,20,0.6285617384820817
20,165,0.4497775574305576
20,856,0.1798282578613255
20,59,0.3717844956298282
20,533,0.3505062141655656
20,579,0.121468537830558
20,895,0.9988248939295192
895,20,0.9988248939295192
20,361,0.23506014670505226
20,625,0.8707237675679186
625,20,0.8707237675679186
