0,490,0.11818715028738092
0,134,0.5386688877525255
134,0,0.5386688877525255
0,682,0.06895701974053958
0,67,0.43411627654720486
0,687,0.7846541827644831
687,0,0.7846541827644831
0,239,0.5729998997588988
239,0,0.5729998997588988
0,442,0.8124127118890324
442,0,0.8124127118890324
0,69,0.6600060731648186
69,0,0.6600060731648186
0,105,0.045721852387454964
0,753,0.6576157480077187
753,0,0.6576157480077187
0,218,0.36258572960102087
0,341,0.7671620068403201
341,0,0.7671620068403201
0,799,0.4865368579869207
0,45,0.8733083742735399
45,0,0.8733083742735399
0,197,0.6639451961565859
197,0,0.6639451961565859
0,677,0.2324699792347863
0,528,0.6369105643927149
528,0,0.6369105643927149
0,38,0.9785852482082457
38,0,0.9785852482082457
0,788,0.7664316975214991
788,0,0.7664316975214991
0,621,0.03840322218874215
0,796,0.13750028586380147
0,763,0.10747403152377377
0,699,0.5953840230325371
699,0,0.5953840230325371
0,375,0.3693577728821239
0,151,0.5073103550058325
151,0,0.5073103550058325
0,810,0.5858999385216078
810,0,0.5858999385216078
0,415,0.7497996252317203
415,0,0.7497996252317203
0,987,0.8940643406631463
987,0,0.8940643406631463
0,650,0.4747538220355808
0,743,0.04914958674961767
0,543,0.3539651638321095
0,144,0.13381682095523706
0,786,0.3381606981722608
0,482,0.32145058807873206
0,938,0.7694674410043281
938,0,0.7694674410043281
0,838,0.2045958503840064
1,211,0.4523451257986191
1,834,0.5807250540259636
834,1,0.5807250540259636
1,168,0.14435798275092748
1,887,0.6397617786806598
887,1,0.6397617786806598
1,122,0.1430445616577839
1,798,0.49532083022620543
1,386,0.33825186681160535
1,651,0.8862978498497682
651,1,0.8862978498497682
1,398,0.9468340222528022
398,1,0.9468340222528022
1,580,0.3231342020673891
1,166,0.24107846119231124
1,694,0.5064986050961976
694,1,0.5064986050961976
1,881,0.029064520147792705
1,86,0.45221310877433796
1,471,0.37855742273793935
1,862,0.5109294671749419
862,1,0.5109294671749419
1,158,0.7276985771124115
158,1,0.7276985771124115
1,435,0.4940539303696496
1,948,0.3138708018785802
1,349,0.901583139700188
349,1,0.901583139700188
1,411,0.720553421012719
411,1,0.720553421012719
1,246,0.9302227490566333
246,1,0.9302227490566333
1,288,0.9035149657790646
288,1,0.9035149657790646
1,760,0.9581584078560587
760,1,0.9581584078560587
1,966,0.6289135348847492
966,1,0.6289135348847492
1,610,0.39956647918021826
1,965,0.17221099605582424
1,54,0.17453178444295459
1,761,0.4517295062882628
1,161,0.48588868791441664
1,598,0.5353980052740556
598,1,0.5353980052740556
1,946,0.14898807997438424
1,122,0.47072936767082185
1,619,0.6728682861437936
619,1,0.6728682861437936
1,208,0.39157776880962025
1,595,0.042768129437316005
1,987,0.18342772725670586
1,971,0.5071176978591795
971,1,0.5071176978591795
1,529,0.15140391977202627
1,508,0.20402590328767778
1,433,0.6907526132839156
433,1,0.6907526132839156
1,371,0.13601777841290674
1,680,0.8153047120181006
680,1,0.8153047120181006
1,795,0.3730206969545724
1,570,0.2760480966055783
2,774,0.8429385574017986
774,2,0.8429385574017986
2,869,0.36961462554532465
2,0,0.22716029384819225
2,658,0.8951596003535668
658,2,0.8951596003535668
2,724,0.03924286506426522
2,341,0.9883171448271411
341,2,0.9883171448271411
2,679,0.41155239013806366
2,721,0.42695781146102296
2,585,0.7393948655597679
585,2,0.7393948655597679
2,339,0.5086960595639394
339,2,0.5086960595639394
2,950,0.44861814360915253
2,806,0.14259609495512182
2,719,0.8375669911798885
719,2,0.8375669911798885
2,235,0.11427621999782356
2,8,0.5385102309281553
8,2,0.5385102309281553
2,215,0.13992183606980146
2,81,0.32497057758173375
2,472,0.8539777244261613
472,2,0.8539777244261613
2,938,0.7627168524156339
938,2,0.7627168524156339
2,267,0.38613525998018217
2,842,0.7493173949878968
842,2,0.7493173949878968
2,811,0.6177497029931057
811,2,0.6177497029931057
2,741,0.4236869739829707
2,671,0.27127633511671556
2,770,0.09125190228246483
2,243,0.31188952026899164
2,755,0.41450125000295324
2,495,0.5532182204693414
495,2,0.5532182204693414
2,968,0.3426642197717368
2,747,0.8563199081950355
747,2,0.8563199081950355
2,230,0.0887432089833774
2,354,0.839337062400319
354,2,0.839337062400319
2,582,0.5081177463579928
582,2,0.5081177463579928
2,256,0.8273166792935421
256,2,0.8273166792935421
2,67,0.3843957250670321
2,248,0.09780247305030287
2,780,0.7044360949606923
780,2,0.7044360949606923
2,291,0.8483843865575026
291,2,0.8483843865575026
2,416,0.6026261679871303
416,2,0.6026261679871303
2,994,0.7618888821523517
994,2,0.7618888821523517
2,470,0.3745034883078264
2,934,0.16245303634433117
2,495,0.925120782263887
495,2,0.925120782263887
2,560,0.07112956056510356
2,248,0.0822661668580561
2,69,0.28066418434078455
2,793,0.585654645166825
793,2,0.585654645166825
2,801,0.10618040165159692
2,421,0.6011682176669494
421,2,0.6011682176669494
3,323,0.8204355562967666
323,3,0.8204355562967666
3,669,0.03028662024017237
3,606,0.66332246812661
606,3,0.66332246812661
3,229,0.19445509082086132
3,112,0.7050470152847991
112,3,0.7050470152847991
3,32,0.06362388844613232
3,718,0.20890265893153248
3,56,0.5905270123095548
56,3,0.5905270123095548
3,852,0.9668675552483853
852,3,0.9668675552483853
3,655,0.5638406654374503
655,3,0.5638406654374503
3,474,0.8418778236248174
474,3,0.8418778236248174
3,771,0.9630956184397309
771,3,0.9630956184397309
3,888,0.05298614147370562
3,470,0.9713307508581266
470,3,0.9713307508581266
3,525,0.5705980405931148
525,3,0.5705980405931148
3,297,0.21644713590227882
3,808,0.06107506507881355
3,587,0.028091322472796998
3,949,0.8217411319641382
949,3,0.8217411319641382
3,515,0.2680726174881527
3,132,0.4791265590438909
3,706,0.9775926931233473
706,3,0.9775926931233473
3,883,0.7094021122282315
883,3,0.7094021122282315
3,465,0.47800986651972044
3,550,0.1986951527528782
3,370,0.8022310802973964
370,3,0.8022310802973964
3,417,0.5577327014591061
417,3,0.5577327014591061
3,336,0.4966252359577312
3,722,0.21762356947298633
3,750,0.13623916613901332
3,343,0.6850963863081886
343,3,0.6850963863081886
3,173,0.4390023502842434
3,621,0.33670801186971444
3,301,0.16814128153429075
3,413,0.007187345088666919
3,845,0.5520053975633495
845,3,0.5520053975633495
3,984,0.08184727933634028
3,564,0.5787964759386726
564,3,0.5787964759386726
3,635,0.6752014456734735
635,3,0.6752014456734735
3,783,0.5872376119033876
783,3,0.5872376119033876
3,738,0.17275656411469742
3,894,0.5207623802583261
894,3,0.5207623802583261
3,800,0.3032422964688243
3,662,0.2930116425788585
3,904,0.4471514876094166
3,131,0.3529012247827741
3,160,0.09940606859077017
3,739,0.2029757646674104
3,889,0.7415500608590948
889,3,0.7415500608590948
3,564,0.3839413914695805
3,414,0.420697726726314
3,771,0.9105161954848062
771,3,0.9105161954848062
3,505,0.8430140602884689
505,3,0.8430140602884689
3,439,0.45481827547932185
3,68,0.7717191777448231
68,3,0.7717191777448231
3,518,0.06309612598210446
3,127,0.40502385285793385
3,531,0.8883081069257799
531,3,0.8883081069257799
3,785,0.6220720009908888
785,3,0.6220720009908888
3,976,0.24786981773326566
3,540,0.35157483305470916
3,209,0.14521628647968376
3,544,0.3290718513314037
3,163,0.8227503980007309
163,3,0.8227503980007309
3,526,0.16372528679939835
3,897,0.27440397756581303
3,181,0.9900342889350011
181,3,0.9900342889350011
3,748,0.8859707206641333
748,3,0.8859707206641333
3,141,0.25949265207655847
3,533,0.3344698585868042
3,515,0.563105554410865
515,3,0.563105554410865
3,435,0.19119409551860567
4,41,0.3877560507076556
4,75,0.901482509476333
75,4,0.901482509476333
4,606,0.20851802524501617
4,272,0.23002501620684146
4,318,0.1696967003352906
4,920,0.05348952561925113
4,55,0.9633429448468713
55,4,0.9633429448468713
4,785,0.08273876168265315
4,454,0.06954987893138265
4,699,0.41372923445846077
4,228,0.029573294651290105
4,278,0.5910209035942124
278,4,0.5910209035942124
4,97,0.7135983665394457
97,4,0.7135983665394457
4,55,0.6037516365865631
55,4,0.6037516365865631
4,381,0.5937709087205273
381,4,0.5937709087205273
4,904,0.9075632493200074
904,4,0.9075632493200074
4,511,0.24541220725012913
4,277,0.004680018781075934
4,839,0.4073544920951422
4,422,0.4334750805566705
4,932,0.49937440230752894
4,239,0.4898915849643084
4,432,0.6143663772729429
432,4,0.6143663772729429
4,530,0.5556763937686389
530,4,0.5556763937686389
4,192,0.6892600735379719
192,4,0.6892600735379719
4,772,0.2969654828662053
4,85,0.253332641269826
4,587,0.5942459662129966
587,4,0.5942459662129966
4,37,0.7446090244908147
37,4,0.7446090244908147
4,191,0.33436537962460855
4,888,0.09873075669216824
4,29,0.11063692849768081
4,535,0.5197418042449626
535,4,0.5197418042449626
4,346,0.5245550886799355
346,4,0.5245550886799355
4,472,0.3478661383245165
4,217,0.24450928818898898
4,387,0.4028858630178206
4,380,0.6556692554610533
380,4,0.6556692554610533
4,678,0.3125508263015717
4,739,0.37676767127428923
4,173,0.6580711924282491
173,4,0.6580711924282491
4,368,0.3787691939837615
4,278,0.29629107876193794
4,108,0.19053125701667029
4,571,0.34068040161110436
4,538,0.6820198869463613
538,4,0.6820198869463613
4,676,0.2331106874014458
4,771,0.45709948846115667
4,892,0.918154636296259
892,4,0.918154636296259
4,825,0.3026071619500914
4,334,0.668837821233331
334,4,0.668837821233331
4,306,0.09284839183028071
4,892,0.07079042967082871
4,488,0.4923336069605745
4,127,0.6259139249722261
127,4,0.6259139249722261
4,196,0.5658422275744562
196,4,0.5658422275744562
4,542,0.08748396024373106
4,11,0.435580706729504
4,775,0.2857718976020822
4,895,0.5660892446308478
895,4,0.5660892446308478
4,888,0.2339213787780634
4,510,0.7445103982704725
510,4,0.7445103982704725
4,95,0.3800323789283909
4,183,0.8377761408506146
183,4,0.8377761408506146
4,287,0.9028988722633368
287,4,0.9028988722633368
4,783,0.8573492631789883
783,4,0.8573492631789883
4,712,0.04535777516776862
4,968,0.9630890564112601
968,4,0.9630890564112601
4,269,0.9649948415037947
269,4,0.9649948415037947
4,880,0.6136930239497119
880,4,0.6136930239497119
4,835,0.42080866075579926
4,885,0.61684960989331
885,4,0.61684960989331
4,23,0.4380850582538941
4,135,0.029389104723545834
4,778,0.16506477096471683
4,760,0.5970850400594601
760,4,0.5970850400594601
4,495,0.31643666295773143
4,660,0.1531630144116285
4,111,0.8164299206233286
111,4,0.8164299206233286
4,953,0.041620978600325875
4,917,0.8479888598871524
917,4,0.8479888598871524
4,47,0.06920704486718332
4,240,0.38374345721811043
4,353,0.048921471743900824
4,724,0.11388492122609561
4,224,0.9781848748122223
224,4,0.9781848748122223
4,627,0.9923420037104469
627,4,0.9923420037104469
4,983,0.7014074103232734
983,4,0.7014074103232734
4,391,0.7523674537704638
391,4,0.7523674537704638
4,928,0.36370862888656963
4,211,0.001604489160323186
5,886,0.20988040871092617
5,682,0.8134009971520264
682,5,0.8134009971520264
5,16,0.8314311397235535
16,5,0.8314311397235535
5,333,0.09654783091744301
5,348,0.9470122341973491
348,5,0.9470122341973491
5,977,0.6393771204464478
977,5,0.6393771204464478
5,456,0.3030237413274308
5,729,0.684238796913347
729,5,0.684238796913347
5,894,0.917500896362793
894,5,0.917500896362793
5,625,0.25666420111432764
5,859,0.9312423644322894
859,5,0.9312423644322894
5,371,0.5000475995397946
371,5,0.5000475995397946
5,699,0.9265013085099462
699,5,0.9265013085099462
5,327,0.44967310550763095
5,961,0.28571955129623827
5,943,0.5313997613886714
943,5,0.5313997613886714
5,455,0.29443967536657645
5,965,0.019483016069628656
5,747,0.00963853515698776
5,883,0.9433372330023138
883,5,0.9433372330023138
5,787,0.8984067988866928
787,5,0.8984067988866928
5,683,0.5002091156157223
683,5,0.5002091156157223
5,712,0.18224778849175283
5,554,0.13880918726056612
5,722,0.031592559290097744
5,678,0.17626349230409744
5,141,0.9099166773729298
141,5,0.9099166773729298
5,855,0.057078097536681915
5,289,0.7162761177819893
289,5,0.7162761177819893
5,467,0.5127850246308541
467,5,0.5127850246308541
5,657,0.8045552188285235
657,5,0.8045552188285235
5,967,0.813013352166076
967,5,0.813013352166076
5,624,0.4325527277293886
5,801,0.15728832849652097
5,582,0.45107852507622304
5,644,0.63942807247276
644,5,0.63942807247276
5,789,0.1518787312974832
5,770,0.9090304475875594
770,5,0.9090304475875594
5,189,0.6811965670957398
189,5,0.6811965670957398
5,496,0.2842339083131674
5,936,0.12825860999043026
5,994,0.08346655143530379
5,246,0.8464901740355795
246,5,0.8464901740355795
5,527,0.7448623631183477
527,5,0.7448623631183477
5,920,0.812160772647293
920,5,0.812160772647293
5,585,0.7996910254170421
585,5,0.7996910254170421
5,572,0.4239094370726003
5,699,0.5394928289945976
699,5,0.5394928289945976
5,662,0.7633289829969518
662,5,0.7633289829969518
5,382,0.15641898059430803
5,242,0.06327692994343115
5,286,0.5239669904657853
286,5,0.5239669904657853
5,925,0.3375121554230003
5,269,0.014909488082369915
5,973,0.7274683611008433
973,5,0.7274683611008433
5,269,0.7250274908361007
269,5,0.7250274908361007
5,120,0.9271397104177971
120,5,0.9271397104177971
5,744,0.4351528388750331
5,32,0.9787977839682976
32,5,0.9787977839682976
5,758,0.32898854987144
5,735,0.9423046137515142
735,5,0.9423046137515142
5,393,0.4866431832172081
5,394,0.4810655370972309
5,815,0.668214901560473
815,5,0.668214901560473
5,540,0.6434425568184716
540,5,0.6434425568184716
5,935,0.7979702698556084
935,5,0.7979702698556084
5,880,0.09757724608907348
5,578,0.08493567788332401
5,135,0.6596628677670856
135,5,0.6596628677670856
5,621,0.05308288689953433
5,329,0.9385388334045283
329,5,0.9385388334045283
5,496,0.5336258910405914
496,5,0.5336258910405914
6,24,0.48676923894429225
6,813,0.15634305684806027
6,245,0.7256921112565925
245,6,0.7256921112565925
6,37,0.6833354383752638
37,6,0.6833354383752638
6,160,0.7360503762612847
160,6,0.7360503762612847
6,748,0.9828703407538928
748,6,0.9828703407538928
6,960,0.7314684417288494
960,6,0.7314684417288494
6,863,0.07241459999640354
6,577,0.4903593317060002
6,429,0.14006874855745732
6,916,0.19900741754404871
6,582,0.9035658072567928
582,6,0.9035658072567928
6,277,0.3133920273136762
6,205,0.5045018001469131
205,6,0.5045018001469131
6,294,0.5362022419274131
294,6,0.5362022419274131
6,131,0.3847871264855902
6,325,0.6690028016963516
325,6,0.6690028016963516
6,239,0.46135210977344365
6,138,0.928024206924506
138,6,0.928024206924506
6,818,0.2751771536144365
6,872,0.8017643588848441
872,6,0.8017643588848441
6,734,0.0048181399905580236
6,467,0.1616587143977436
6,948,0.4021566232133732
6,459,0.7810047278360925
459,6,0.7810047278360925
6,910,0.20561470220712963
6,645,0.20185967990755826
6,786,0.9506825451493256
786,6,0.9506825451493256
6,894,0.11525786761519619
6,829,0.6999661889439998
829,6,0.6999661889439998
6,154,0.2707875248612658
6,939,0.6145166537577883
939,6,0.6145166537577883
6,97,0.0049423543161913885
6,373,0.185510286503623
6,212,0.06837897313638952
6,550,0.36002245944549727
7,711,0.15306204290022485
7,10,0.1915837511867038
7,895,0.3854908616669368
7,873,0.29360735533024485
7,340,0.9313378417918642
340,7,0.9313378417918642
7,35,0.35823627951422754
7,298,0.8372094683132655
298,7,0.8372094683132655
7,205,0.4244443810785161
7,128,0.49217075096750107
7,960,0.8262328761623937
960,7,0.8262328761623937
7,150,0.7626998364406162
150,7,0.7626998364406162
7,345,0.15650491619544027
7,153,0.01496075275100528
7,974,0.5450855915885732
974,7,0.5450855915885732
7,25,0.8748277610691307
25,7,0.8748277610691307
7,115,0.3384508510122881
7,165,0.35521456034027976
7,846,0.06600055526631687
8,158,0.06075639021345258
8,136,0.5164472884597296
136,8,0.5164472884597296
8,798,0.9639572822068739
798,8,0.9639572822068739
8,340,0.7493409927260569
340,8,0.7493409927260569
8,587,0.05162974615456839
8,16,0.4018305592635175
8,954,0.5256914950204368
954,8,0.5256914950204368
8,492,0.20017882822732191
8,840,0.4963636705876481
8,736,0.8043283025838328
736,8,0.8043283025838328
8,828,0.2050468352805861
8,814,0.09818881322016781
8,865,0.13192978524659704
8,935,0.5409123423489332
935,8,0.5409123423489332
8,637,0.022739970972584844
8,280,0.5042251980004029
280,8,0.5042251980004029
8,132,0.09410119146335283
8,470,0.8936559533384815
470,8,0.8936559533384815
8,248,0.03876408244102236
8,468,0.053604141189746324
8,156,0.2946941882828008
8,527,0.009278534127626026
8,237,0.4269923225844118
8,280,0.1418364125481688
8,619,0.695098217965664
619,8,0.695098217965664
8,77,0.09734699277722259
8,695,0.48520845464946527
8,658,0.7547974078275784
658,8,0.7547974078275784
8,845,0.6658615149943423
845,8,0.6658615149943423
8,998,0.4549095155062598
8,971,0.1618927591456858
8,832,0.9776376159782101
832,8,0.9776376159782101
8,388,0.4768235890960759
8,921,0.5583167465165108
921,8,0.5583167465165108
8,635,0.5884380190779392
635,8,0.5884380190779392
8,627,0.7489046474935588
627,8,0.7489046474935588
8,983,0.4956776606765749
8,684,0.8501792854326625
684,8,0.8501792854326625
8,284,0.8002950588119127
284,8,0.8002950588119127
8,287,0.5445094949604665
287,8,0.5445094949604665
8,236,0.5583614608471852
236,8,0.5583614608471852
8,862,0.8366377875229716
862,8,0.8366377875229716
8,665,0.23979818641788164
8,942,0.7608267163345416
942,8,0.7608267163345416
8,815,0.9232105440316625
815,8,0.9232105440316625
8,400,0.2673149699769145
8,91,0.6769456780903015
91,8,0.6769456780903015
8,806,0.30007445810723365
8,697,0.004404627863966448
8,533,0.03240620999131316
8,916,0.798853327764154
916,8,0.798853327764154
8,958,0.16014788578936434
8,474,0.9388053319781732
474,8,0.9388053319781732
8,460,0.1202374211970515
8,843,0.9599550509378102
843,8,0.9599550509378102
8,846,0.8647079072711898
846,8,0.8647079072711898
8,925,0.11915739747451404
8,203,0.030426700517330096
8,92,0.48389982850552016
8,628,0.5527124245645052
628,8,0.5527124245645052
8,245,0.5345078639646774
245,8,0.5345078639646774
8,429,0.9220398653323235
429,8,0.9220398653323235
8,511,0.19339843219580344
9,426,0.07958436646030875
9,652,0.19875311596652245
9,788,0.47489963047619665
9,349,0.4245687308942937
9,528,0.5203929805177147
528,9,0.5203929805177147
9,546,0.6856661788114682
546,9,0.6856661788114682
9,717,0.7396131755178684
717,9,0.7396131755178684
9,479,0.7828447670868198
479,9,0.7828447670868198
9,686,0.15087768749129726
9,840,0.8676969080363327
840,9,0.8676969080363327
9,295,0.5528357367872468
295,9,0.5528357367872468
9,393,0.6365313897929415
393,9,0.6365313897929415
9,520,0.5942285746762461
520,9,0.5942285746762461
9,648,0.9191917623957112
648,9,0.9191917623957112
9,245,0.09831606314895369
9,253,0.22759613357324038
9,194,0.8231410337011564
194,9,0.8231410337011564
9,369,0.913725320806976
369,9,0.913725320806976
9,574,0.4112892327475014
9,631,0.32383406670876125
9,584,0.4235789202296769
10,879,0.12248035168112847
10,237,0.16710231116469765
10,231,0.15884282104208447
10,739,0.1289600383748083
10,608,0.8739924884554442
608,10,0.8739924884554442
10,650,0.362234135045321
10,455,0.8124558886268429
455,10,0.8124558886268429
10,19,0.5565612234204358
19,10,0.5565612234204358
10,905,0.5517083630960982
905,10,0.5517083630960982
10,773,0.5945655716401436
773,10,0.5945655716401436
10,330,0.2604311711106799
10,505,0.09290770311525576
10,819,0.2262990618625419
10,30,0.9001254034430368
30,10,0.9001254034430368
10,757,0.24079817299211148
10,365,0.7470896993140739
365,10,0.7470896993140739
10,607,0.9630534128609659
607,10,0.9630534128609659
10,888,0.031209886857998415
10,110,0.6021721381251419
110,10,0.6021721381251419
10,502,0.6187722529333123
502,10,0.6187722529333123
10,94,0.34628664392478203
10,520,0.5978135454434241
520,10,0.5978135454434241
10,407,0.6583209963974216
407,10,0.6583209963974216
10,287,0.0675814804610978
10,773,0.41256581164974304
10,393,0.7902759414383278
393,10,0.7902759414383278
10,771,0.33356862900320927
10,648,0.5510305700930729
648,10,0.5510305700930729
10,424,0.17058827912881525
10,926,0.8430452793667632
926,10,0.8430452793667632
10,267,0.3602479164182759
10,778,0.18943397289077768
10,576,0.6647521447439381
576,10,0.6647521447439381
10,915,0.21130429170084408
10,411,0.7990865385047344
411,10,0.7990865385047344
10,511,0.613623503979853
511,10,0.613623503979853
10,585,0.922898723565979
585,10,0.922898723565979
10,127,0.6133772262452581
127,10,0.6133772262452581
10,114,0.18651284467963058
10,195,0.23848657211310265
10,843,0.7117897110451296
843,10,0.7117897110451296
10,18,0.2728873098637551
10,215,0.9683789615692489
215,10,0.9683789615692489
10,72,0.7489537465282678
72,10,0.7489537465282678
10,449,0.07457431358071476
10,434,0.2465020894113401
10,845,0.013555674184342226
10,243,0.7189377552865192
243,10,0.7189377552865192
10,427,0.17431617559917234
10,156,0.36901980392929945
10,618,0.8357632115863481
618,10,0.8357632115863481
10,985,0.6344540329622312
985,10,0.6344540329622312
10,849,0.7467057658608419
849,10,0.7467057658608419
10,485,0.737013157769164
485,10,0.737013157769164
10,970,0.47168781127213655
10,744,0.4102806186998741
10,782,0.5631918850142807
782,10,0.5631918850142807
10,839,0.08164980111245068
10,509,0.21939353855416488
10,714,0.6122682193674944
714,10,0.6122682193674944
10,776,0.7444437497182973
776,10,0.7444437497182973
10,481,0.21904813938657364
10,532,0.7258465595768631
532,10,0.7258465595768631
10,431,0.7006494381653436
431,10,0.7006494381653436
10,794,0.12513703307942192
10,865,0.5479565948328636
865,10,0.5479565948328636
10,454,0.9320196822647898
454,10,0.9320196822647898
10,327,0.8158931940737622
327,10,0.8158931940737622
10,518,0.6433722739875258
518,10,0.6433722739875258
11,780,0.2554933850429434
11,771,0.3814198967316471
11,320,0.9244061900637559
320,11,0.9244061900637559
11,911,0.3494469632600108
11,235,0.1999603113109295
11,984,0.3899411202749882
11,757,0.9069394352111319
757,11,0.9069394352111319
11,304,0.6880214343373524
304,11,0.6880214343373524
11,926,0.5695111891500004
926,11,0.5695111891500004
11,311,0.7839929781345739
311,11,0.7839929781345739
11,620,0.8707394590355869
620,11,0.8707394590355869
11,21,0.5270614512223281
21,11,0.5270614512223281
11,659,0.4305183515281553
11,344,0.655638215442128
344,11,0.655638215442128
11,841,0.7450806176441891
841,11,0.7450806176441891
11,652,0.5645543957336296
652,11,0.5645543957336296
11,531,0.5658445725163759
531,11,0.5658445725163759
11,251,0.60516754231568
251,11,0.60516754231568
11,629,0.7789076470485696
629,11,0.7789076470485696
11,527,0.8336046901826629
527,11,0.8336046901826629
11,829,0.680488686105091
829,11,0.680488686105091
11,806,0.3184698934420028
11,232,0.0947628008571697
11,866,0.442890808793052
11,947,0.011360659802020057
11,333,0.8603867754078944
333,11,0.8603867754078944
11,881,0.5823269240444023
881,11,0.5823269240444023
11,405,0.565999650930289
405,11,0.565999650930289
11,893,0.5821784320650475
893,11,0.5821784320650475
11,756,0.6512798178914843
756,11,0.6512798178914843
11,230,0.1291226587526022
11,950,0.9413653691241622
950,11,0.9413653691241622
11,854,0.001897272071094358
11,696,0.6846989079826659
696,11,0.6846989079826659
11,902,0.5100632117738411
902,11,0.5100632117738411
11,145,0.833590126900996
145,11,0.833590126900996
11,489,0.562090994343432
489,11,0.562090994343432
11,400,0.8067069252809971
400,11,0.8067069252809971
11,786,0.5754446197508499
786,11,0.5754446197508499
11,854,0.3785790591309707
11,386,0.8824399789664485
386,11,0.8824399789664485
11,255,0.14309599860890998
12,686,0.40820798214982723
12,68,0.7806196766262833
68,12,0.7806196766262833
13,659,0.7143103945003284
659,13,0.7143103945003284
13,89,0.1158255210211514
13,943,0.6313293938279549
943,13,0.6313293938279549
13,195,0.34960178593023783
13,899,0.11630606225543183
13,655,0.72741727591481
655,13,0.72741727591481
13,532,0.3687670953421348
13,958,0.5133432529306814
958,13,0.5133432529306814
13,593,0.676155128200356
593,13,0.676155128200356
13,341,0.10001541601488428
13,34,0.9122756778725237
34,13,0.9122756778725237
13,929,0.11612650538982927
13,665,0.8807063519465292
665,13,0.8807063519465292
13,937,0.49987874796734555
13,199,0.42177565105306314
13,966,0.7236299516365204
966,13,0.7236299516365204
13,635,0.9530053434210601
635,13,0.9530053434210601
13,270,0.19727077308435592
13,792,0.6815882621030851
792,13,0.6815882621030851
13,202,0.45251807479265416
13,545,0.10943787189525966
13,287,0.8579031718480824
287,13,0.8579031718480824
13,241,0.337657300734188
13,530,0.8873220772539093
530,13,0.8873220772539093
13,432,0.05421215226697074
13,702,0.14535801242502533
13,172,0.16133943731518596
13,56,0.7618656743078709
56,13,0.7618656743078709
13,641,0.47429028510286475
13,177,0.11291056809919697
13,450,0.1362755612099702
13,570,0.03933223276550801
14,88,0.8120240537005791
88,14,0.8120240537005791
14,889,0.4503060855394544
14,945,0.6322802039094463
945,14,0.6322802039094463
15,871,0.2990027624038857
15,735,0.6622798384620886
735,15,0.6622798384620886
15,958,0.6660681922301843
958,15,0.6660681922301843
15,479,0.7978665229811253
479,15,0.7978665229811253
15,730,0.9165619839695303
730,15,0.9165619839695303
15,392,0.36873281826376625
15,71,0.7601767427263286
71,15,0.7601767427263286
15,685,0.02142016546900316
15,771,0.6079746287792032
771,15,0.6079746287792032
15,500,0.6237915126658107
500,15,0.6237915126658107
15,594,0.8417674786704294
594,15,0.8417674786704294
15,800,0.04843991601821629
15,500,0.15016166001238607
15,513,0.7207502908123219
513,15,0.7207502908123219
15,74,0.461322010209237
15,191,0.6197103772101639
191,15,0.6197103772101639
15,79,0.3478915651366641
15,679,0.3539188806523521
15,763,0.6542049768836673
763,15,0.6542049768836673
15,824,0.183015356922815
15,820,0.6226180117418643
820,15,0.6226180117418643
15,561,0.5488214405186338
561,15,0.5488214405186338
15,674,0.5251094418424475
674,15,0.5251094418424475
15,869,0.5196722106753568
869,15,0.5196722106753568
15,46,0.17871162532193385
15,834,0.595824633798825
834,15,0.595824633798825
15,729,0.4891619305877254
15,975,0.7462294880149489
975,15,0.7462294880149489
15,45,0.034412871561625424
15,914,0.6726636160392271
914,15,0.6726636160392271
15,816,0.8780453499244807
816,15,0.8780453499244807
15,99,0.8189816573787057
99,15,0.8189816573787057
15,295,0.8508843302466549
295,15,0.8508843302466549
15,486,0.6817628441026198
486,15,0.6817628441026198
15,499,0.09804126206407404
15,645,0.6787223416437523
645,15,0.6787223416437523
15,328,0.3630143836925501
15,512,0.8757938405633654
512,15,0.8757938405633654
15,518,0.6313068588215396
518,15,0.6313068588215396
15,362,0.9597991792295848
362,15,0.9597991792295848
15,191,0.7502539637914337
191,15,0.7502539637914337
15,270,0.29126459996606147
15,796,0.19884146352796583
15,389,0.6479404995408532
389,15,0.6479404995408532
15,673,0.7316739118687384
673,15,0.7316739118687384
15,417,0.9475435098511251
417,15,0.9475435098511251
15,668,0.3539167854045113
15,626,0.9824141562702646
626,15,0.9824141562702646
15,742,0.24613682587620445
15,854,0.8403327954567607
854,15,0.8403327954567607
15,190,0.26647377560579244
15,641,0.7622173671968712
641,15,0.7622173671968712
15,91,0.8456380597326503
91,15,0.8456380597326503
15,574,0.08602177281778323
15,297,0.13430283981893043
15,79,0.9162030675705883
79,15,0.9162030675705883
15,793,0.3271825034486112
15,894,0.39181663830679125
15,436,0.6479429847493332
436,15,0.6479429847493332
15,745,0.9120745206455354
745,15,0.9120745206455354
15,518,0.32687722061127067
15,562,0.21078862961196654
15,677,0.30641725385238117
15,50,0.48019765788770463
15,362,0.9444764778551444
362,15,0.9444764778551444
15,615,0.23372592357142263
15,668,0.12031425192998169
15,833,0.5467562078134361
833,15,0.5467562078134361
15,236,0.03603177487106468
15,436,0.3052779009604526
15,529,0.5063313502314342
529,15,0.5063313502314342
15,416,0.39106925049129415
15,251,0.09557833145258432
16,646,0.6943932961801487
646,16,0.6943932961801487
16,333,0.5017355667611061
333,16,0.5017355667611061
16,155,0.7948426064470308
155,16,0.7948426064470308
16,632,0.6695760013729327
632,16,0.6695760013729327
16,369,0.3027361256184169
16,687,0.5270440492278239
687,16,0.5270440492278239
16,751,0.8217908181473568
751,16,0.8217908181473568
16,708,0.24826523379097654
16,265,0.13612295440618483
16,515,0.17464879195586558
16,636,0.2986691783802222
16,658,0.697695561008209
658,16,0.697695561008209
16,128,0.7547297814326739
128,16,0.7547297814326739
16,659,0.3587089761194223
16,559,0.11909690998888689
16,544,0.7025600511253225
544,16,0.7025600511253225
16,828,0.6828946907955582
828,16,0.6828946907955582
16,465,0.9859462411299275
465,16,0.9859462411299275
16,764,0.4720706391587186
16,255,0.3526826574195905
16,60,0.7837520864614915
60,16,0.7837520864614915
16,421,0.5024175333961992
421,16,0.5024175333961992
16,200,0.3262403395492848
16,56,0.3372317231169263
16,417,0.2295530566899333
16,740,0.3024010216403342
16,555,0.6989105799503037
555,16,0.6989105799503037
16,223,0.06730055250050648
16,10,0.5098226072117215
10,16,0.5098226072117215
16,838,0.6121981722829501
838,16,0.6121981722829501
16,500,0.6875295795698426
500,16,0.6875295795698426
16,491,0.45898190808664774
16,875,0.13107309056272876
16,56,0.18914474341969567
16,121,0.3273867062404202
16,884,0.9916603600527152
884,16,0.9916603600527152
16,388,0.8745082095280515
388,16,0.8745082095280515
16,123,0.913267087284107
123,16,0.913267087284107
16,411,0.64334558018366
411,16,0.64334558018366
16,615,0.47336300492427064
16,313,0.3976543585352369
16,700,0.08491161910263334
16,753,0.42047661707500517
16,312,0.5672815656964795
312,16,0.5672815656964795
16,244,0.379210804381621
16,744,0.0878354460576094
16,960,0.1719654331012832
16,274,0.8780660194338331
274,16,0.8780660194338331
16,813,0.24277749937399384
16,712,0.22301471120548744
16,338,0.5505295581675236
338,16,0.5505295581675236
16,149,0.5185306384343765
149,16,0.5185306384343765
16,542,0.4258960070214498
16,968,0.11811956147157754
16,101,0.649744135373803
101,16,0.649744135373803
16,760,0.2868614915681249
16,295,0.3910643117693601
16,108,0.02471586015835825
16,319,0.001592155350881419
16,702,0.2885276263826939
16,51,0.5531163156373075
51,16,0.5531163156373075
16,109,0.0793068780793228
16,71,0.5161735706748417
71,16,0.5161735706748417
16,365,0.7577759125677147
365,16,0.7577759125677147
16,232,0.2213618762927021
16,433,0.12846530275119972
16,330,0.3009625472048375
16,282,0.8691631705125408
282,16,0.8691631705125408
16,89,0.9490035799713757
89,16,0.9490035799713757
16,973,0.7405075429027543
973,16,0.7405075429027543
16,630,0.1636312579488437
16,445,0.9944841789748954
445,16,0.9944841789748954
16,18,0.8634549692000865
18,16,0.8634549692000865
16,509,0.970625479943826
509,16,0.970625479943826
16,661,0.12724114055833635
16,479,0.6353793077411545
479,16,0.6353793077411545
16,390,0.7394550540165199
390,16,0.7394550540165199
16,749,0.8025529453785644
749,16,0.8025529453785644
16,219,0.06791396606462974
16,66,0.2540188928236764
16,396,0.7249602335791651
396,16,0.7249602335791651
16,208,0.013925420197763216
16,992,0.24460140808841635
16,502,0.7392224243250355
502,16,0.7392224243250355
16,156,0.7440240856375423
156,16,0.7440240856375423
16,336,0.6585310102922258
336,16,0.6585310102922258
16,373,0.28307923290142056
17,324,0.17123931340414233
17,16,0.035152371794196946
17,430,0.9773874187439053
430,17,0.9773874187439053
17,764,0.21567987941979716
17,734,0.007389752302224606
17,963,0.27179411496409667
17,500,0.22792183082215467
17,853,0.2655349672312033
17,732,0.7239762190809172
732,17,0.7239762190809172
17,957,0.3016394938185082
17,829,0.2060539970059313
17,485,0.8071509123253144
485,17,0.8071509123253144
17,658,0.26675357943713196
17,431,0.08059275915213049
17,745,0.5855274866506253
745,17,0.5855274866506253
17,490,0.8361961166023192
490,17,0.8361961166023192
17,371,0.16529896303186575
17,790,0.9400102673880156
790,17,0.9400102673880156
17,245,0.20474813580639062
17,182,0.30159293858784575
17,202,0.21492101010487996
17,47,0.8638636430514712
47,17,0.8638636430514712
17,168,0.28572280371729863
17,688,0.17839717224052842
17,463,0.6041528277574392
463,17,0.6041528277574392
17,454,0.46716734693620376
17,13,0.1345625997190375
17,269,0.29203279282156336
17,378,0.20223642834097277
17,423,0.31414358727786373
17,957,0.39077615262895316
17,766,0.03478631085151851
17,799,0.8462497832143334
799,17,0.8462497832143334
17,832,0.7188610396258802
832,17,0.7188610396258802
17,561,0.22770428400446252
17,682,0.7605640229423262
682,17,0.7605640229423262
17,84,0.13643441654563937
17,424,0.8181961059584174
424,17,0.8181961059584174
17,290,0.14374127454013297
17,555,0.5373140096512208
555,17,0.5373140096512208
17,251,0.6913659667835569
251,17,0.6913659667835569
17,724,0.9694772037732816
724,17,0.9694772037732816
17,241,0.550001256917065
241,17,0.550001256917065
17,236,0.5034259500134297
236,17,0.5034259500134297
17,969,0.7980120328397717
969,17,0.7980120328397717
17,461,0.7635629329724641
461,17,0.7635629329724641
17,250,0.3581028717715361
17,538,0.12178489153674343
17,343,0.14273526172437379
17,438,0.5348467331550655
438,17,0.5348467331550655
17,964,0.9187801724851443
964,17,0.9187801724851443
17,479,0.2926665938341313
17,892,0.5959276859916364
892,17,0.5959276859916364
17,146,0.8800183321872727
146,17,0.8800183321872727
17,548,0.2780588313227267
17,429,0.9876159884305029
429,17,0.9876159884305029
17,14,0.11297754910327118
17,979,0.9810271513072
979,17,0.9810271513072
17,955,0.17584673184331434
17,280,0.03343096109219612
17,664,0.47096171319153657
17,542,0.6284254980288715
542,17,0.6284254980288715
17,279,0.5074490325618779
279,17,0.5074490325618779
17,291,0.6195326717361531
291,17,0.6195326717361531
17,929,0.8170007792809354
929,17,0.8170007792809354
17,389,0.12753478307328026
18,959,0.8494593918308837
959,18,0.8494593918308837
18,871,0.9670939810271473
871,18,0.9670939810271473
18,695,0.877400662683326
695,18,0.877400662683326
18,307,0.685391528759495
307,18,0.685391528759495
18,210,0.36114926371298983
18,519,0.45052065841990385
18,274,0.10271588127680631
18,179,0.15179779225084444
18,981,0.08247674659918769
18,914,0.495958642719568
18,323,0.02260449091865202
18,453,0.2895082961145665
18,354,0.4604503375992376
18,489,0.5740481873900384
489,18,0.5740481873900384
18,228,0.3583401745209913
18,667,0.9238464380487489
667,18,0.9238464380487489
18,872,0.6080146937137666
872,18,0.6080146937137666
18,60,0.7274002254005444
60,18,0.7274002254005444
18,451,0.44685598732843257
18,335,0.6012774239571095
335,18,0.6012774239571095
18,447,0.6678700001479061
447,18,0.6678700001479061
18,95,0.2647874042151922
18,155,0.01850040401805897
18,1,0.2717290733368567
18,763,0.4500608062975515
18,529,0.051339484985369555
18,238,0.8280738979816609
238,18,0.8280738979816609
18,8,0.40490239017154894
18,184,0.3223957319269176
18,963,0.5736356121274339
963,18,0.5736356121274339
18,846,0.8952622357926466
846,18,0.8952622357926466
18,800,0.2292363626526901
18,382,0.8633539827378804
382,18,0.8633539827378804
18,878,0.1377225889840814
18,265,0.7692345268007098
265,18,0.7692345268007098
18,47,0.16413482108337196
18,337,0.4542856358244365
18,9,0.6875519927227494
9,18,0.6875519927227494
18,542,0.39790999791321635
18,766,0.474801708335273
18,854,0.8195692260401185
854,18,0.8195692260401185
18,432,0.8416255339743304
432,18,0.8416255339743304
18,353,0.6540109269393732
353,18,0.6540109269393732
18,170,0.4063873851508707
18,954,0.783977744520846
954,18,0.783977744520846
18,588,0.10333184485862179
18,170,0.8882985385350297
170,18,0.8882985385350297
18,635,0.5364279321462595
635,18,0.5364279321462595
18,804,0.3101337612980113
18,77,0.915380258018102
77,18,0.915380258018102
18,219,0.6731749899496949
219,18,0.6731749899496949
18,591,0.8901549868209712
591,18,0.8901549868209712
18,914,0.5185316142751438
914,18,0.5185316142751438
18,79,0.10766872836424213
18,955,0.6298547360386716
955,18,0.6298547360386716
18,977,0.5006780082589176
977,18,0.5006780082589176
18,927,0.6208547665542911
927,18,0.6208547665542911
18,461,0.44640720164614156
18,220,0.03986479884669525
18,544,0.1137646342442501
18,46,0.6246214882950761
46,18,0.6246214882950761
18,75,0.11975782805258584
18,324,0.9119654038299599
324,18,0.9119654038299599
18,550,0.44721837190790326
18,326,0.35140089749226056
18,418,0.8765855340506359
418,18,0.8765855340506359
18,640,0.42410697174306766
18,375,0.9274998906371514
375,18,0.9274998906371514
18,152,0.6318938117507928
152,18,0.6318938117507928
18,89,0.3883699934686994
18,245,0.05257299065118759
18,312,0.4843925862452443
18,121,0.5617200749075408
121,18,0.5617200749075408
18,207,0.5506631275338403
207,18,0.5506631275338403
18,478,0.1636695891649308
18,98,0.27259289949316334
18,744,0.34874491236847105
18,643,0.7800260502476657
643,18,0.7800260502476657
18,930,0.6790527383704109
930,18,0.6790527383704109
18,219,0.731038686453581
219,18,0.731038686453581
18,920,0.43937848079292985
18,794,0.410463599587946
18,994,0.7569148320343194
994,18,0.7569148320343194
18,212,0.26841159956852256
18,579,0.950252439976616
579,18,0.950252439976616
18,140,0.21015003037317848
18,952,0.9073887484273446
952,18,0.9073887484273446
18,452,0.8927302970689242
452,18,0.8927302970689242
18,255,0.8687036350295106
255,18,0.8687036350295106
18,602,0.15408234510468433
19,384,0.7645242494281784
384,19,0.7645242494281784
19,750,0.11951478386379166
19,815,0.7478945058815589
815,19,0.7478945058815589
19,658,0.8542866606904805
658,19,0.8542866606904805
19,109,0.3321919540474474
19,845,0.31015111085155533
19,830,0.6713897022625553
830,19,0.6713897022625553
19,430,0.6275457681616468
430,19,0.6275457681616468
19,17,0.6227917897720233
17,19,0.6227917897720233
19,313,0.5758121811415053
313,19,0.5758121811415053
19,968,0.7468029244803129
968,19,0.7468029244803129
19,224,0.12465531681026287
19,429,0.2019418910909303
19,88,0.0705112807827959
19,201,0.35288155620371175
19,650,0.659611125774961
650,19,0.659611125774961
19,343,0.5726506322553723
343,19,0.5726506322553723
19,110,0.0020876023510197905
19,613,0.7166638113640905
613,19,0.7166638113640905
19,581,0.39802746856992877
19,254,0.6021517525719047
254,19,0.6021517525719047
19,115,0.9653814968474729
115,19,0.9653814968474729
19,648,0.168310909320863
19,379,0.14335786863339484
19,992,0.05892519904706017
19,237,0.3249075466091049
19,537,0.3937859334027698
19,649,0.026109373714784834
19,507,0.9172846071146755
507,19,0.9172846071146755
19,352,0.2518195869245835
19,402,0.9443184299368456
402,19,0.9443184299368456
19,688,0.12533830997468642
19,381,0.7238436557331136
381,19,0.7238436557331136
19,131,0.19440208754490196
19,493,0.24808321530351485
19,216,0.6668260176351112
216,19,0.6668260176351112
19,16,0.7642638389434295
16,19,0.7642638389434295
19,71,0.46725193615385463
19,520,0.5892881718342482
520,19,0.5892881718342482
19,342,0.13563047243797188
19,598,0.4402815457356999
19,867,0.014349096726520294
19,690,0.4185443081234008
19,226,0.9967305525873015
226,19,0.9967305525873015
19,180,0.32039079325622644
19,659,0.6169826732756755
659,19,0.6169826732756755
19,513,0.35496993302239843
19,833,0.25518083823753845
19,692,0.5235404017849915
692,19,0.5235404017849915
19,78,0.6829320836517435
78,19,0.6829320836517435
19,151,0.0878364270807146
19,495,0.00535578578864826
19,881,0.21761961199801372
19,724,0.041330756863914075
19,131,0.9953932281242595
131,19,0.9953932281242595
19,69,0.69721578682626
69,19,0.69721578682626
19,32,0.7023650511077804
32,19,0.7023650511077804
19,236,0.16687083704980055
19,863,0.9720248221351961
863,19,0.9720248221351961
19,925,0.6408160416269529
925,19,0.6408160416269529
19,814,0.6648201157428272
814,19,0.6648201157428272
19,787,0.22447704963775128
19,581,0.24087574235681009
19,715,0.7486348625150147
715,19,0.7486348625150147
19,488,0.54212412478432
488,19,0.54212412478432
19,989,0.10818958752239893
19,469,0.18089420412788448
19,589,0.5899207725205842
589,19,0.5899207725205842
19,77,0.7205744719150156
77,19,0.7205744719150156
19,526,0.3573261471155208
19,36,0.16490614744763
19,857,0.8853098702954829
857,19,0.8853098702954829
19,345,0.042713470945967225
19,299,0.31251925393520574
19,307,0.6570777624439803
307,19,0.6570777624439803
19,129,0.08815024461925858
19,727,0.5206995437382405
727,19,0.5206995437382405
19,726,0.2397696434220603
19,790,0.441227627546519
19,480,0.622498819368752
480,19,0.622498819368752
19,735,0.2799311868914546
19,115,0.5653943615799222
115,19,0.5653943615799222
19,953,0.4972018403426379
20,149,0.4527825278833987
20,289,0.6187279904523109
289,20,0.6187279904523109
20,132,0.6926491921800144
132,20,0.6926491921800144
20,238,0.9608558300570047
238,20,0.9608558300570047
20,770,0.5478296647814849
770,20,0.5478296647814849
20,69,0.08328258443065495
